transform:
  rotation:
    w: -0.33623527570964146
    x: 0.6925303668147111
    y: -0.6145371389819207
    z: 0.1723126089984665
  translation:
    x: -0.07966997670380706
    y: -0.453753437339196
    z: 0.9171306650507878
